losses: [0.40297492 0.59764503 0.68918318 0.59490302 0.74512541 0.59091483
 0.46938289 0.56613706 0.66934771 0.57515928 0.49445416 0.56076796
 0.56580426 0.56751277 0.57198227 0.58623181 0.56411607 0.56347866
 0.5616816  0.55315394 0.56964988 0.58124028 0.56289643 0.56045511
 0.55086824 0.569295   0.57526242 0.55376392 0.56940766 0.57688511
 0.56096742 0.55395688 0.56945588 0.57614429 0.55961437 0.58512297
 0.56521977 0.56984745 0.57562583 0.54979957 0.5676117  0.57138299
 0.56635979 0.55233723 0.57160848 0.55770485 0.54270341 0.56376978
 0.56280786 0.5612204 ]
ROC_AUCs: [0.76253061 0.7600111  0.75794689 0.76041284 0.75759489 0.76016988
 0.76541552 0.7641835  0.76239287 0.7634221  0.76632231 0.76571204
 0.76557813 0.76562404 0.76569483 0.76664371 0.7667298  0.76672597
 0.76681397 0.76686371 0.76681397 0.7670225  0.76705119 0.76709328
 0.76700145 0.76695745 0.76707989 0.76741276 0.76732285 0.76727502
 0.76734389 0.7672865  0.76726928 0.76723485 0.76743955 0.76673936
 0.76680058 0.7668331  0.76688284 0.76724059 0.76716024 0.76722528
 0.76684458 0.76716789 0.76714302 0.76738407 0.76841521 0.76828321
 0.76831191 0.7683253 ]
ACCURACYs: [0.93968872 0.69682231 0.57619974 0.67736706 0.54442283 0.6536965
 0.77172503 0.65110246 0.61089494 0.65045396 0.70006485 0.64429313
 0.65272374 0.65142672 0.64915694 0.63391699 0.64623865 0.64623865
 0.64721141 0.65304799 0.64559014 0.63488975 0.64461738 0.64623865
 0.65920882 0.6459144  0.6423476  0.65175097 0.64429313 0.63975357
 0.64721141 0.65337224 0.64429313 0.64040208 0.64753567 0.64169909
 0.64980545 0.64656291 0.64332036 0.65629053 0.64429313 0.64332036
 0.63197147 0.63748379 0.63067445 0.63683528 0.64948119 0.63748379
 0.63748379 0.6387808 ]
F1s: [0.05102041 0.21757322 0.19071207 0.2109437  0.18075802 0.20417288
 0.22637363 0.20531758 0.2        0.20501475 0.21410365 0.20679682
 0.20607858 0.20546933 0.20674487 0.20548909 0.20538966 0.20538966
 0.20583942 0.20740741 0.20509091 0.20592384 0.2057971  0.20538966
 0.20917983 0.20408163 0.20245842 0.20679468 0.2033406  0.20358423
 0.20583942 0.20756116 0.2033406  0.20273185 0.20482809 0.20216606
 0.20588235 0.20437956 0.20289855 0.2077728  0.20449601 0.2040521
 0.20350877 0.2037037  0.20293912 0.20454545 0.20689655 0.20256776
 0.20256776 0.20314735]
